1076233230
1784893456
1212724234
5804691476
1628057623
5328017430
5855727640
1322916894
5994239017
5057904682
1249252384
5648891957
5793348663
7841155132
1965677634
1690589255
1844229195
1477689425
5970861133
5668154461
1912728673
5321771105
1142921317
1073630311
5142539367
1168372849
5397177456
1133155448
5171878007
5599663223
1594124414
1508041870
5702306963
1388053651
2145518744
5077504153
2085618849
1769958565
5404064918
6755067044
1902967979
5841729713
5768941747
1032957114
1849639094
1909948604
1308914879
1085264077
1909535941
6685468873
1467246787
5191235790
1906893005
1260276941
1899663568
1390816467
5645003989
1240179927
1957357806
5763508459
1077298416
1777576182
1914590462
6424853765
2081861901
1878089999
7171354900
1168654618
1499816218
5452918036
1989686563
1914204478
1652243777
1462319429
1285197121
1954977094
1514277195
5074238803
5551686989
5267226969
5606337890
1917807980
5334270311
1665653105
1616870766
5525938544
1688612213
5697100152
1332953469
1310035331
5564418436
1723140483
1279729035
6376821132
6414122396
538374548
2127815072
6404678039
5460869539
1198646699
1488094637
1263161765
1451580848
1874629044
1189119414
1885572530
5706440140
6033206727
1882293711
5719049681
5675944411
5902719453
5647834590
5969388002
5323846116
1815758324
5504154104
5758154233
5382917628
1447475712
1401164298
6284414468
5757499910
990499340
2079790602
5513263627
1103863306
1624857107
1210708505
762259998
1274549785
1722925604
6485050904
6291035674
1638784537
7244394026
5798917681
1531514424
1139882567
1266636355
1076595272
5655843399
6246128205
1842866769
1100015187
6031437405
1908774500
1890073193
2107955818
5826823781
5669068391
1002293872
897831541
5074082417
1492995700
5601770099
5852027515
6589509274
1476080274
5650051727
5321637533
1972474530
6808962720
1221418661
1626034857
5004248768
1660018372
1352952519
6278126287
5509577424
6833817298
5669054168
1022634705
7074504409
5326268122
5023180505
1636383461
1468680954
1061807852
1533895411
1107829504
1215349501
2076703493
1602371338
5677574926
5431151368
1446679306
5344402188
2046069523
1234413330
1270135572
1189628695
5344476947
1699008285
1297213212
1640222489
1201847074
1704122150
5764600612
1447035697
5493008164
5733463855
626026300
1470859070
1449564990
1957507904
5744220985
1621505857
1465213775
1919736657
1254471505
1624713033
5061753687
6913538908
1121709919
1300568937
5288116062
1522638706
1264053107
1628017522
1578163062
1300871032
1134121863
1053941645
2103003033
5204054947
1161998242
6187825057
737731494
5355098015
1126241190
7094551462
5339431859
1792449471
5215084470
5711937470
1695774660
5665202118
1917322183
1285989330
1342222287
5185908691
5602585559
1917706206
5128691683
2095749081
1944580078
1074319342
1391426550
6498229202
5333846798
1322717176
5302487022
5282424891
1207465699
5897431352
6549924408
1180183918
6882063077
6358556287
6650062905
1100603956
1173894194
1097408763
1196313082
6004915513
5578386955
6777584783
6132198857
6053919587
1464212435
1496012663
5861228840
6626915190
2006290273
5886737242
1402999626
5450373342
1472797010
6552828089
6018394173
5005776596
1937611278
1667260046
6636034076
1461591779
1681323144
1410170604
1240759404
6043143106
7628124978
2079454490
6649314958
1129499732
5076534531
7983731370
6817015561
1381201272
6256053991
6607499410
5216611356
1584396503
1689324421
6615513805
6579740610
6515724990
1199108407
6893521685
5082223168
1099049902
1121521940
1507827471
1481448629
6114981808
5293963824
6879070238
2035181060
5717553766
1335352819
1116062793
1314963422
1981302220
1169530707
6321479276
5720334836
2126034841
6663962743
7131608899
2008318606
1887772679
1366560636
5915062672
5640922293
1353021095
5556377171
5328115460
7296630481
6333439935
7705829658
1388021367
6538800483
6464610665
5426888433
1839761837
1128558605
1366976894
1274446729
1734875465
7948413742
1477206516
1899855300
1478992165
1935333485
5289867223
2010292426
7017604856
5615217724
6730575778
1424179573
1935266110
1563659671
1243016753
6773657464
6566139408
7418919011
1998913464
1785039309
5735602922
2080538556
1978918732
1179505206
1222116714
6925923745
5974547623
1580477814
1269535324
1254480585
1649556034
7007662126
1566531139
6124005866
1912380174
1423330467
2095526634
6077622183
6943876362
6906848468
5971561750
6985467119
5551859953
1845185049
1955793325
6411486448
5748915733
6409827872
1818071294
5670355973
1092133579
1843972133
5420331813
7870045040
7219047179
7313326368
2054966693
7398992644
7877573239
6503411034
5532796548
6581034124
1480880116
7612314119
1240617826
5254446089
1473465050
1650193827
1249345280
5324032242
6578856604
7847056393
6569810458
1089283061
6116061655
1723597420
1474308542
5450370025
6469871791
1794502037
6310513762
1805843712
6990071503
6748335495
7160024623
6238928354
5824347191
6325955811
6006929966
1506188176
1958709890
7268753120
6445008049
7454350141
1224544967
1765863176
5674596251
6798783380
1234568094
7228261615
5112056258
6607016129
5964492002
5716686020
6442796879
6758813708
6157052679
2104589897
6813943956
1819144643
6853600910
6178554823
1411942814
981914305
5084508545
6005169497
6434323710
5418339004
6268778969
6570094585
6612933668
5847615794
1577966013
5357346090
2082591233
5103518165
7220392583
5210671599
5519889687
1912452570
2013829125
5266610092
7362537637
1423010500
6465345949
1810369768
1913017456
1986028448
1572045058
6243669095
1666502617
6404234169
1120183875
1491937383
5817054309
5111821495
5477734888
6614578709
6249431019
1229393645
6137817185
6433641630
1713152395
1528815188
1469568384
5202712722
6653313405
6657421205
5838141860
5847999722
6026397232
6804425492
1122527740
1266641379
1394827986
1392326448
1921865571
1769066880
6448276274
6290932668
6484255431
5434201025
2015310362
6632012088
6502359598
6566860317
5603083476
5034837306
1155527425
1917928953
6708438696
5326743883
730812313
5022170876
1306142858
5753368928
2063831127
1722182289
5690886447
2030978362
1488520082
1670436085
6765751374
1360846675
1355570543
1406860676
5606929034
6275260151
6347478427
7211493467
6513409270
7436661553
6040248254
2005830797
5823999185
7621354561
6831374772
7398254070
5699798149
1556306242
801193044
1340671041
5050441153
7041581501
7515977883
5624058899
5390415362
7855109549
5651481600
6374349810
5425164579
1425061178
793611541
1538490095
2015988689
1218079532
1330042294
2049796111
1619615255
1498525300
5654400736
6637452903
1070786695
1978445208
7342244428
6405988588
1438534631
1808136776
1803450581
8111391619
6350744326
2120604699
1728026433
7357266359
6759950907
5260733135
6437237700
6208441361
7318781907
6979704152
1182512768
5947596674
7956221116
6442997301
1763904103
7403657974
5977851081
1410755302
2071755614
2125726367
5605476604
7022189642
6433480092
5559340504
7799254436
1346107457
5136427082
5286105496
2136977531
6227808329
1966793344
7622353614
5760568759
796509378
7425290465
5224535206
7954507122
1246639352
5800397088
1998677796
1233484894
7777890871
5138078754
7980380398
1751356677
6091810986
2005010018
5007372279
5793463239
7715424144
1849385374
7803915640
1920292555
1784910057
7628365462
7369220540
2091664130
7715156514
1976017449
1421166044
6787696351
2069354506
6064201754
2142571342
7568034076
5148578959
5089383072
7912373752
6040847223
6352877004
7569041797
8081955033
2027603391
6144729919
6306421089
6560270635
5467980505
5147777949
8142127755
1959811933
7406756619
5979743728
5766725565
1726773535
6247112487
7440866956
6478465710
7742076930
1848827418
6640770066
6283960600
6577971525
6910099854
6228675853
1397242307
5889934025
5572240413
5210597645
7721495272
5490449935
1978487547
5051646656
5392606698
5304242731
6675086409
5252324015
6586519438
5602175699
7633309642
6412075404
6241307272
5547797346
1524059122
1918626913
6427469617
7042718206
7797264204
7079956183
7559526840
7656973302
5051782438
7065770837
6135871676
5334438491
6080678060
1455124484
1765664751
6953523657
5976151923
1163305622
5533697383
6298850847
1749573082
7603465679
7017229541
7170416618
5411478262
7813243704
5531543662
7551770474
6145907501
6709116660
2121671562
5580391534
5799747360
7427790417
6408081871
5044073716
6087896683
7514194020
6922923381
6791629020
1460668084
1972980509
1525443196
6630919752
7147509176
5546268390
7962422362
6108642644
7554758086
6926620710
5069766358
5058930086
5042571586
939945567
7369943942
7518395914
6074061403
6935944358
7246194417
6873696229
5294129123
7195456785
5422442729
5800968106
7532134824
5461561425
6408353225
7247187866
1754273419
1398291705
7818979224
7556720156
6665018015
7191356199
6470711478
1187185678
2125430582
6274280323
1637860081
6907745774
6048641554
6931030713
6465188102
6594940372
1244644342
2138578845
8057069250
6929766124
6320220661
6700168802
6606687627
6718750823
6051239666
6019946918
7327180525
1999265139
5355228255
5946355311
7827615066
7403124477
6033082508
6500241064
5324535747
5520888475
6691484589
990734992
6634193121
6005725660
6309361316
6605682066
5073293647
5436384216
1885936267
5894104780
5817360568
8064702723
1580750987
8119003365
6544859454
7866297686
2095550624
5484100090
5986204322
1931831945
6041339882
7689040255
1944405960
6379637536
7830582106
6565788340
6175777550
5784704888
5616031077
5767365011
6836734110
6429908932
1311661431
1925419135
5015999763
7339065753
6195255486
5700432497
6428098388
1946859228
6058517944
6166497402
5517683456
5411230023
1822131275
1969724321
6217867379
6103962372
6360685013
5451851831
7342976376
1910643559
1457803230
1961486236
5961328062
1274349963
1984739243
7114765389
1451590483
7720133582
7637822231
6220410692
2045192398
5354081080
1825643498
5616155850
6460091480
2141969442
7607375357
1842797147
7492190257
8125841894
1588715809
5703101643
8103589266
2023799822
1655094656
6524163102
6644188953
7661397350
1422778067
5393312189
7723741417
5360621226
1430263353
1441529053
1851446355
1522384519
1970790416
5578722347
7476236285
7089776804
5457156618
5946112614
1312596622
6091197631
5797371714
6463780104
6433264494
2142756704
1431420570
1559443155
6921200127
7904522947
6757042094
5244068711
5442528697
1619696733
7102556827
1135119352
1303956107
1813598676
7426734838
1945149857
6310522595
6922763208
6818648290
1932152842
6735964874
5292527767
7365433971
1615433394
1754280203
1574652911
2039738696
7963074011
1619208311
1419697536
6189118845
1113474919
1947046792
1471054275
2038762714
5362106104
1283497194
5581173657
5589821879
6588322954
7467281355
7038580311
1245650643
6310817599
5377902585
6367934845
2063631886
6517431751
6977657046
6310671979
5192394446
7552672611
1763793964
1592176660
1371268585
7055111927
6397762113
8167252356
5945760156
5611197472
5866156245
7508234819
7882783793
6486671656
5652010697
5105496981
6494549478
7574236092
1894131902
5250200253
1214173355
7704042015
7667512961
1670611424
7558127758
5687076260
7808190038
5151327962
7837967796
5816166221
5920152496
6759616126
6458685105
6784254449
1899811092
7311405042
7632475554
1152570872
1095703490
6820820133
5192273609
5834344926
6947868373
6548174078
7217902588
6556317806
7503589764
7644874253
6147177115
5721467315
5745673176
1637576681
1327507658
5309554795
5370198214
5756684575
5919393236
6501290123
1490452012
5850744860
7598271160
1828982069
1906145583
7185052668
2022795831
6490561254
6416914410
6313993418
7019982137
6980750934
5941273590
6431852977
1877738843
7607684723
7125747030
5381257906
5641899432
5164950320
1973957627
1415505366
1580325806
1894086149
5640685611
6013163611
6673017098
5804411439
5925384555
7534750871
7655127432
2120372528
6491621183
5064569979
1294129542
2064270139
6426824571
5315301801
6525626523
7458905103
5261995274
6254367962
7690853424
1535053203
2007487202
6163087835
7331959678
6159088406
1769273177
7244214314
1129733131
5877661656
7733964443
5830821903
6192534711
1978521690
5567512001
5168364038
6649333116
5276933256
1922978446
7629359338
6179209677
5693819178
5569152332
6483794542
5750255011
1670668307
1621786373
6273398504
8044501115
6545371177
1761158653
5608529728
8163697426
1689183090
8175550712
6691069243
1717363943
6984198653
5874310786
7392700569
7460080226
7553807495
6033940266
6022936547
6318703662
5732344270
6502666095
6098371293
5966678807
5938284505
1695183212
5070690455
2044774390
6584751902
5993545750
1843969993
7418467560
7984656797
7142118814
7960911467
1457558521
6568013554
1922172268
6503147081
6221516132
6066876133
6428226598
6886991098
7705659281
1705059553
6525095599
6759237471
7724683372
1878966099
1924729749
6322114357
5034790207
8158331070
6435223120
1598998225
2090682018
7688766473
1050001951
1302109082
1669229828
6695531126
7186612199
6621743334
5030349036
1953462529
1414624306
6376201679
6635283522
7694420516
5482210349
1419626943
6921807981
6910943975
1858497791
6753046424
5084931543
5563698556
8056470494
5451868318
5865983182
8077213258
7605280457
5738944433
5469437340
6022223454
6756641607
5866427131
2083378289
1222827829
5342648289
7038427508
6785107243
7416167352
6726417019
6071946979
5290383238
7557981846
6624349218
1114539816
2119077340
6397968563
1461764678
6381973802
6265763503
7647250282
6293426151
6370527967
1340300868
2037034914
7783595758
6170878030
1997762787
5398640742
1407816998
6056096433
6679024663
1459200763
7713085648
1244130368
6525828953
1701448703
1674872831
7876301634
7201837543
5778864764
1501067508
1721425837
5906726242
1147386285
1084149271
1414695143
5394907314
1399761360
1772674967
1868782430
1147094259
1097690586
5469345124
6096999267
5734298183
5562400232
5806834062
2034196840
5831990520
6505238508
1291105455
1469477070
6245330251
7903563195
1366995681
1184532673
5954922046
5137507751
956041302
5023202843
5912157515
1659355592
1814847364
1129157658
7923549800
1229537576
1490074295
5614582841
5345813661
7578683186
5461466762
7126290941
6218961020
1960165903
6858809124
1636519257
5171145144
7266517271
5001545525
1925333804
2041393477
7125171617
1686088621
1791703996
1278660423
6447953403
6651755190
1777522688
6321892092
7481447274
6365285053
5855446922
7781923645
7090081650
1309422703
6220948232
1954675804
5365983417
1383777560
829111612
5423111955
8008061150
1006402215
5459252311
5055817738
6157111546
7432270193
1467602797
5370278627
1079253725
6532638044
7576915620
1774558621
2049296080
1514305634
7142716269
5575568206
7020994377
2039743147
6002501605
7642140284
7215594475
5224621803
6202289227
5983631887
6779841221
7526274123
1477264753
7620091662
7405434236
5376829270
1927615194
6133506584
5464873810
7475282792
7279450480
5421067111
7225259903
8185582109
5288638511
5577531817
5874325049
6294724167
7764241867
5225867436
6787611660
1345403955
7813385707
8067196552
7179653856
6380866505
5070950876
5913044445
7387343814
6964331869
7600364816
6063812716
6415293512
7044613303
8135263723
6675683540
5310557801
1996948745
6392009781
5618031520
7728382960
7775636559
6690531616
5869124136
1468731044
6288187252
7772331222
5537800695
5415260757
7350050506
6313781288
6917086124
2085323942
6608009753
1224020805
5350142766
6052419069
5722793141
7181083565
6504021263
1951458646
1511754921
6699412907
2052167463
5300637033
6084638936
7793245347
1565788426
1292567431
5793995042
7730100408
7289143463
5030594162
1824563172
6353489084
5960459413
6893584859
1983818342
1466883264
5318624325
5109283152
6311402072
1372188365
1955736990
2082193400
1893750670
7301385700
5967495803
7324254284
1612364423
731716007
5954429681
6588703617
7944140176
6258967924
1812605661
7215016414
6059314770
1202464732
6586810642
5255345323
1146644934
6516479236
7941165124
7118528839
1931872011
5709729839
7169997839
6544008813
5870424895
7123336277
1689705920
1273978928
7942511273
1814897989
5925097621
5387813680
1548464763
6199802584
6510372092
1958509380
1346178177
6463242305
7666393369
1409544759
6965013283
887104326
6096104522
1375355430
7686362726
6388132155
8118539626
5822490962
1165761614
5132179842
1980636236
8188628838
6920379720
881060692
1665615835
1266641064
2085865583
6436790293
1090019924
1106730364
1769820759
1626693102
623732837
1682793826
6007703239
5286782660
1174479005
764528977
1030677721
1363690908
1212768857
1384704147
1198279394
869231518
1071909876
1058120216
2041440575
1391694590
1226401998
1183857685
1321353340
2051265958
1205425159
1340697315
967858228
2070616774
1204059850
2090318330
1186935854
1850271158
1074704181
5384037955
1079073045
1234492091
1388203947
1201823267
8138389720
1591141105
1751860987
1459690501
1129907212
7158128557
1451235681
1349718070
1304941004
1146631317
1196511685
1150945500
1334508313
1229619809
1760916187
1045360149
6551519118
6958353403
1203092581
1566943142
1304048247
1308857339
5748108686
8030638273
1390939708
974427854
1034573657
7524613411
1192355578
1127585619
765055632
2026309861
1699215724
5981559769
1904936634
1661232706
1006681491
1359248990
696079843
901674076
1759185690
5393665712
1060118939
8093476558
1256438310
2048472521
6036456346
5632874382
1365463726
1335417683
1416494337
1036303937
1561465911
5369125789
1247713219
1124936719
1713306821
1134623301
1220840227
1399872570
7697474995
6547044425
5503526845
6883563378
6622348568
7706750826
5652390475
1308461770
1384430500
5419702629
1212829144
1505468430
1422421053
5525740038
1423026264
1278039180
6625631501
6814521031
7472646560
1067757990
1253269095
1940504578
1538548335
1202332056
6624452200
1607792123
1008088732
1953733298
6318123477
1501773833
1391534549
1256690092
1011136495
1391100275
5709805886
2103130818
5365097206
2047868006
888680686
1043264953
1423156857
5716455942
2027497691
926920389
1698907813
1546333858
1031894935
6406491481
1308021262
5549590039
649313391
5343939133
6512609606
1498269500
1366134056
1259129258
2137533511
6066998844
5925256230
1825538092
7202567992
1838574622
5418115657
1860264390
1782958393
1187481048
1252051301
6357116907
6088416374
1137025778
1410717563
1041506831
7615517270
1292138482
5228763935
1317961671
7379067787
6406214774
6269561796
2077814325
1688980839
1490240549
2074746910
920193281
5285559861
5734505758
1288236326
1153261689
7535594845
1606770882
5826305266
1923435114
2098723875
8047007909
5119784331
1201641973
7825514628
1332458842
6439967439
1732678724
1108140932
1647501594
1122883806
989029657
5981659363
6143955153
6439489560
1378938328
5814327194
1846482788
2130179300
1331556725
1112403980
5034310273
2042574135
1404406724
5864940111
1379471550
1496344895
1044393944
1655677846
921010410
2081720881
1437402175
1339252593
6594446955
1126029102
1101924953
1176530564
1268010591
1356837023
5624848108
1077271406
1353621548
5371222111
7986035120
870027200
6587275893
973356856
1468404852
1303482453
1317084905
6328873121
2136264756
1151706524
1443162186
1228176777
2130988709
1503862297
7858414158
6899110561
1259205908
5831803802
1207129380
8083583725
7558585073
5155683734
1465085869
252646579
1882135557
1164252539
2007771211
1768155149
1257838357
7531019771
2059668828
1236015982
5787437404
1317528979
1934503992
1082386245
1135888538
5625669482
1610414403
5362902851
1171789125
2005082380
5009856193
813589645
2119256191
2065370825
1479652116
2088427338
1044216517
1398014912
7254568759
1347648694
1282076882
1714238375
1385042202
6081224037
1218321204
1350655469
5232736899
5996245205
1400097137
2045515394
1328220814
5316871438
1191371803
6253677083
711930223
2056397634
1457129604
7269960985
1393214825
1695188196
6310508133
919115404
619698086
5524317315
1280644331
2089517793
1013512439
6276310324
1360175517
6513076563
621402733
1189043279
1823318903
6589150741
1386412069
1962560772
6573899501
5048517301
6503358080
6334891126
1147481377
915184395
1682540050
1438032358
6298457588
7504096226
1398898599
1263945561
6792224819
1557210117
5620425580
2080268302
1113970715
1228813113
1433084972
7305720379
6931174273
6331474689
1123438333
1860695448
779709828
7202745357
1086118681
5119249114
1383480570
5902593903
1384869851
1805778969
833644691
5651383565
1975386859
938232540
1704968178
1057672279
1342826913
7420851470
1647878633
1455947094
6308242458
7480913558
1390739349
2001154444
6558176385
1187219391
1993869528
5049342090
1137010760
2036313297
1468889467
1345482681
2012911642
1481516771
1603651883
5032111901
1455608737
1092353658
5192792602
5442461239
8053473830
888056072
5087402124
1647363277
2043181906
5859064380
7102065361
1231577786
1639340520
6660366595
1239496446
1068273812
5961448569
1254262983
1426628186
5921496737
1688800229
1177081001
6414673840
1937096614
2071975442
5837546343
1353505922
1974330897
1589411754
6163323672
1457214140
1335415498
1078372340
1303482287
5083025474
1512658456
7063689708
1077214274
2040633600
7788461893
5147017536
2130378563
2017693382
5496874652
1948548067
6906770371
2075762233
593044862
5888905586
922784266
7065378472
6718448412
1317320453
1270676309
5429483226
5702641737
1638188878
2142965539
1351782415
6073474819
1080266140
8151972873
1324850796
5256522476
1603529989
6913869606
5090982321
1775829921
6133252171
1219488621
6683733721
6619856164
1573595060
1314440233
1928839211
1611770743
1304594787
2084212161
2010884784
2076601651
5516044892
1259485492
1251878693
1560313781
1620041343
2063978206
1158406321
1825206280
1437165659
1478059593
6827096671
1272748528
6469859311
910541888
1443182447
1921952146
1285962808
1344251969
1380719952
6377808739
1378927912
1655230512
7483991741
1896877128
1116635235
1778474528
1685401775
6514559370
1203824012
1153339894
1377010925
1537299254
1339317274
866190491
1320655161
1183232952
1427170185
1520223219
1905701526
1416537473
1422838382
7660552553
1227153134
6527198700
8073763826
5898861515
2009221371
1393199344
7478582736
1335377146
1427749669
1750037877
1445951656
1392583627
5074487653
1817438042
5952231146
1608252185
1461788155
5677823240
1549570682
1841982363
1175302187
1317501369
1506802419
1245908146
5500580758
1091035848
1323894365
5994707265
1453112112
6015876728
5573809641
7531919346
1073818879
2080250809
1303692945
2067950338
1752896526
2025442098
5145935758
2075054442
1637654125
1433887771
1181122081
6005701098
1897011479
5892370765
6840249706
1623785074
2071254741
5628044293
7070325936
5078172970
5882356636
7932339332
7932339332
1102892845
1904924190
7869054531
8100715792
1127021586
1614278710
6418326605
1432290985
886256179
6242922634
7219307951
1167489546
6807869526
1199800862
1324486747
6695762596
1329342906
1242559314
1453699018
1889034807
1109936535
760415623
7570868898
6308781179
1368550789
1125925055
6353585152
1218486895
5046608668
8067086813
1307574573
1965008571
1488023863
1647679853
1485974834
7025972608
8094492127
1359627363
1089328863
1148037115
1408770341
1620666295
5711293823
1328335661
1159823482
1269215519
1427705366
1490433672
903968585
1245229608
1164796902
5308861275
1192748174
5210657810
1423952845
2096497898
1246792082
2083274852
1149555637
1246816311
1477838217
1165536093
980719802
5562923853
1344276705
6225987605
1514555350
1526763701
5065041687
1479734487
1494758888
1341722699
5627325386
1704928992
6635015989
1401288905
1737223257
778608729
1562345574
761939711
1378066594
1422491432
5925223775
1510699919
1171391171
2031970949
1306224695
6248897717
7329312295
1774328348
5086775405
1524545069
1384050577
5129773557
5873738807
1871732471
2082170673
1278460467
2059846571
5977469331
6561793285
1453209972
5477930461
2087949460
1688353317
702555069
6482428045
1966722489
1340293632
1346222352
976068310
914852433
1374902843
1372141925
1339398235
1390773261
5680286953
1389659919
1427761665
2005424002
5408470016
995212713
1375012475
2029519166
1059307607
1560989607
1952660274
7318623730
7032602531
1778792932
1996590664
7098029613
734301483
1265999181
1071560888
1358219818
7239269404
1826645538
1887331694
6757183444
5093807949
1412199695
6794963487
1795709052
1313899574
7581552799
5060423223
880625959
1269498866
5009808124
6229277297
1348760078
5005334736
1269462371
7396579802
2086618226
2099388765
1369250577
6323996772
1394170239
1993814374
1859903094
2032953578
2008594149
1571474588
1279666199
6246530527
5916358383
1213987241
7525496055
1449501951
5540948784
7093345121
1376911042
5624636271
2051017386
1368928124
7330954724
5036553042
1344034969
6861742683
6659997249
6925040089
2055602529
762605966
2060440863
1960475175
1409196888
1277965809
1778701048
6787224516
153200095
1165176152
1196183586
940119692
1168777131
5064414623
907276938
1853460458
1433147859
1921267153
6354800305
6224608061
5713482712
1933492682
1589388917
6928475979
1908671628
1689889134
6702924575
1796273596
6514060182
5561048917
5241252445
1745422771
1120082392
1292029948
848289551
5557188056
1391400635
869640380
1450746485
1941637013
6682078589
5244103180
5757801066
1880469513
1207449573
6664555235
1777062881
1434018421
1484240223
1400989735
5700092689
7363108161
6893896255
7084484813
1349883278
5014995647
7715881834
8180346733
1192167481
1841200821
6286901667
7896379736
6650315565
1402684816
7970788982
1526485889
5858536546
5367493521
6508746201
1811306341
1233811409
1299921352
1439707510
6219144542
5975358932
1230749901
1195584708
1176717021
657414555
1926149769
1630455150
1589314470
1420602745
2029380679
1473812648
2127322607
5342764223
8172430992
6044701371
1718748173
5347060643
1258328738
1804256254
1919852381
7387516749
2052539698
5820426740
6858408250
1463998422
6050297581
1844285278
1368523028
1361198545
1416429392
1367691935
6360894686
1173025467
1179245049
1485846584
1698594021
5102091147
1194119230
1289779700
1175226799
7529372241
5800596180
1642262913
1743632969
2062532725
8051926616
1293657403
7205376167
2010188459
7992338631
1741218084
6914708846
1153223613
2018142119
1488919195
6485309634
7389172030
1960710419
7631392614
1707302673
7417231471
773548653
6699877301
7584464348
5020788521
1253068613
1009784006
5293724700
6451976607
6624315543
7702461133
1278554778
2026681777
7909169896
6924790450
6372690525
5744849959
1177719003
6862659460
5078218649
1665413503
7446528584
537981543
1301876504
5426822238
1219647452
7821876659
2014768899
7767684663
1337472725
6435954455
7873773830
5773361447
7568962357
5483008387
6084648651
1314260127
6693285966
6303820512
6418398809
1795942121
1966110982
7678496834
1739372876
1495407026
1105366382
1059106080
6569677400
1273207595
5543933975
8014436962
7846291729
5808642053
1294291677
1157853678
5731852717
1085272636
7019779865
6116786538
5640339541
5048286333
810669813
6365555482
6851572677
7463845646
5010549583
6908244376
5577067936
7373600156
6470668213
912899118
2028987134
7252105485
1413888875
1487963042
7439396924
5883631280
5670271242
5733123180
1308977340
1112568231
7665445273
1600267107
1589943374
8322340476
7780124190
1260924177
1991455950
5751235148
1684023257
6370790630
5572992770
6452799513
8067809237
7485985537
1597399175
5228930914
5065617055
7509277546
6659940124
8466342527
2112218733
6965806965
5368504670
7715805866
5901130799
6139178761
7602853747
7999782162
7036884196
7835657242
1383472288
7131782453
5217322668
8133782739
6516676971
5651288491
7687543591
5115229433
5623479962
1861605524
7716300133
5868299606
5838669873
6620613491
7637817772
6442399985
7532804091
1256920927
5245149994
6464373045
6273470469
7670858533
8478947271
1959513964
5489516631
6224188169
8148523342
7801649429
7407958144
901032344
5442639520
5785621340
1144579705
7665445273
1105692611
6123525871
5673803202
5255448957
5453677019
1789969949
6504907564
6787027102
1767679026
6888474591
5832015816
1392112253
5647609252
14863526796
1367461399
6212543797
6561782509
7798777875
2140710763
5843592885
5574235150
885890444
7710780695
1592362754
1897300112
1600168942
7735557365
1977429790
1496889244
5468449871
1722426866
1895982175
7806282521
1960430543
5530767021
6466261010
6478527368
1885685879
1778615201
6451009214
1930852293
5946408523
7738279720
5835916954
6696380477
7593965272
5848784067
7230419267
7592039076
1458248472
1308246077
7390014092
1396968790
1691464108
2003757506
5958831158
5733689703
5837013631
823890726
5914845229
5195574220
1797455203
5815706642
5424512098
8039368154
5926267724
6667609866
1322989870
1403701314
5036532122
6297702461
8071787883
5140200885
7525411234
1339104281
6665938646
1651714520
734302520
6422064280
5306147208
7423896508
8344494793
5806370934
8484126368
6973898724
7105496417
7766073548
914976137
1213441282
6341962507
6712377918
65830352956251347158
6251347158
8304759290
1618053954
6643353482
6583035295
1097482885
5156383960
7989484384
5348660275
1403531422
5749106066
6502810038
7551172020
7436359303
7747723767
8490012493
1902590167
1407336499
8145009753
5429953690
1217028455
1124587356
1350353432
1478532597
1448226606
6372265240
2090963681
8019179101
2002671820
7828893486
8281103019
7483550701
8415131561
1451988923
5307757473
7517426058
6621270883
7933612529
1112322832
8397965774
8133365116
5830800870
6981019359
1422624303
7994337271
8336365308
5196694173
8526527271
1143765766
8494422679
1082250036
1216305653
6546498812
1217838643
5424050757
693285108
6421564847
1670780756
1245823447
1857001164
1173972045
1437551978
5830230131
1267123246
1147830979
1569322931
1895450949
1383185932
1485108764
7428948498
6010126157
5898289607
8280628145
5642887720
7025524160
5228547216
1407018606
6878243883
7086013762
5330498493
1387070274
7772908441
6319304014
5256925875
1282486697
1835554856
1613211723
6702394498
6736856215
952772757
5285249937
1445924621
1182699740
7885029759
6503628880
7468227925
6796795651
5763370698
7814051581
6407376378
1767018783
8562726085
1650147051
1913758305
1188943638
8433105762
7999857678
8255684332
6863219354
7501747130
5597462525
8255549108
8585723735
8149052766
6785688470
8136383707
8195006943
5258676263
1499360767
7521826028
7514498122
6806106951
7440007828
1308300176
1113211816
8349686161
5814565584
5500707224
6341311426
8414706953
7539324543
7630346379
7993031843
6509444260
1063677062
7554991436
7042279700
7514648953
5563610341
5833374946
5180042167
2083960202
6013709775
6070140969
8757817752
6728239985
5073342268
1495403386
1164785223
6835219916
8309010833
8586429505
6692625772
7476953705
7400374160
1349888233
7421390336
1779313530
7810991016
5165915198
8762434063
5382223901
5842062551
7982873651
7862294259
6943757165
1455013738
5162273718
6735152405
5795015108
8169780660
8367294840
5009795264
7447336180
6112190190
1729759362
6345685460
1876392610
5622877623
1521729544
8374220264
5867699172
1583820537
8263227102
5179517935
6689222034
7415287460
6160423244
6160423244
5904386475
6599276662
8502857572
5479776496
5594629432
8481826381
6441766100
5503221851
2105193927
8166684606
6549998799
8574695310
